/!ReadMe/4.1.3.1/Wed Nov  6 01:58:11 1996//THEAD
/0197276.02/4.1.3.1/Wed Nov  6 01:58:11 1996//THEAD
/32bit/4.4/Thu Jun 30 20:59:29 2016//THEAD
/32bitAPIs/4.1/Thu Jun 30 20:07:33 2016//THEAD
/A540Extend/4.1.3.1/Wed Nov  6 01:58:12 1996//THEAD
/AMBControl/4.1.3.1/Wed Nov  6 01:58:12 1996//THEAD
/CallbackChange/4.1/Thu Jun 30 20:07:33 2016//THEAD
/GraphicsV/4.1/Thu Jun 30 20:07:33 2016//THEAD
/HiResTTX/4.2/Thu Jun 30 20:07:33 2016//THEAD
/Kernel/4.1.3.1/Wed Nov  6 01:58:12 1996//THEAD
/KernlSplit/4.1.3.1/Wed Nov  6 01:58:13 1996//THEAD
/MMUControl/4.1.3.1/Wed Nov  6 01:58:13 1996//THEAD
/ModPostServ/4.1/Thu Jun 30 20:07:33 2016//THEAD
/Mode22/4.1.3.1/Wed Nov  6 01:58:13 1996//THEAD
/Modes/4.1.3.1/Wed Nov  6 01:58:13 1996//THEAD
/MonLead/4.1.3.1/Wed Nov  6 01:58:13 1996//THEAD
/PageFlags/4.1/Thu Jun 30 20:07:33 2016//THEAD
/PaletteV/4.1.3.1/Wed Nov  6 01:58:14 1996//THEAD
/RO370/4.1/Thu Jun 30 20:07:33 2016//THEAD
/ReadSysInf/4.2/Thu Jun 30 20:07:33 2016//THEAD
/ReadUnsigned/4.1/Thu Jun 30 20:07:33 2016//THEAD
/TVmodesMed,dde/4.1.3.1/Wed Nov  6 01:58:14 1996/-kb/THEAD
D/5thColumn////
D/HAL////
D/MemMaps////
D/PrivDoc////
